$ANSIBLE_VAULT;1.1;AES256
35363837346462383536376233393132636332343030356239663830336364313637383063306563
3239323936366465373033316632613736613832363537380a336233363430303163313064613130
63636534313135653937616433646538393635663138623264613433383637336261383735313435
6232376539336261300a326563303730353066653734353333663231626661373364626437663666
37373461643637353365653530656636333866316664336130376465616236386264616531333834
39633836363637323162353139656266323265626230363533313362653036346134343031363163
39333861656265306530346530383763346639653237363364353235363563393661396430353734
34303935383535396531626436323838653638346531376132623762343037343162326463343033
64373931363962623833363663653262393133353337313933336534613038613136653635373066
63373038306566336563346231636531613138363736346537346362663239383566386365366332
34633434616561616137633961383535326235643566356137623036386662303531363664323461
63666561316639636265343932366230643362613130633766623037346238336133633766653265
34383762633132383133343166316130386130396166323964633863386464323264623162623031
31306139333338633334613462366664666638303733306639393033643530363361613132613535
38316432386464633061666164343038396261303533623263316333646535386630376562363130
32373439386236353362653733323836303339306333646531383464366539346661363162316236
31613335323963306361313061613431656532316537656663383636386537626466343733306363
30376163336462393135386264333035326566323265333337386366616437386165303831616664
32316164356161646461323931653161376139613766313631323863326363663032393235303239
31653164333432356633316165666633363738623961326433643561396133373833326436353462
62363465373631633930316337323438643132393932346537666332356164306237373737386537
35633230373266383934316334613335643531316663613332666239623664646134386162313638
66343832303333306261623338633331373766656237323864386563343933653566333234326664
62346239636136656561653265356466326238613933343134613664393066316339336366623535
37626437636431666561333764323830323039656262643533383137383639333834323965633464
62613135616533373439386561633237373735306634313665616635386236633861393337366630
66356139623836336161356363333439613735393464633732333661653239623135363937376665
61653466313765646436356534653433633431393236616333373961356639383166383234393364
61313731393666633731343133623966363963613833373535303235393166633334633262336465
38353962386231636635663464343738303964363339336365313230653537373764643866643564
61313261623835363761376536363334636232323232633838643331363337633531353436303934
65663663303834363739383131666132666262393463386235393638366564383934313735376566
38653139346663343363393538323738333037333537626130346432353565623765653835353036
36393739626539633266376236326339653330356261383164316563663639383738363764323631
66383666643934636230643364353564643865633230303966376461613166343636326536636137
62343734363931316139616161363632396432633537613936396665363465646132653662323734
35373638333932386437656333373062663435316563613637363465386334393630633361383736
37656563356331323134646636646664333365613338623466646465396636626662653332393961
32346537663533643364646463386136306639613238356230343737656231653834353939343638
65353365366139663339393064316538366236373935663966613062613338646264386464623032
31376236393333323739326330333165613166623939303830626465353837323563383561653332
63383265613934383033393765646631653466316138626533656134646630316238323562353664
31313832366432383739666335316161613234383234653936616263346137346663653761383431
33393731363362656138363165303939373365316233616238636164623635323561323434363935
61653334393961376239353062643663663462633736383766633631633534323661346235643431
64303463666534333363346364383337303134663131626533363665623862303633396130633362
62333836353761313333323066383930666433643030326534303837636335366435633037636639
32353833393164373565396130356236666332633036393132663133303531313336613438306237
30626163346563323732343034303836396463626339353637376464663765376333383335373538
30303739323066383261343230353134633263663564326630383632316563333235313164356134
61623239663537373664316532313839666136366633343933646230393531343764393538323637
64386565336335613334326533376664633339643862633530643366616461633563363130373936
33323631363034303038353531366438313433323733323535333733313962613864386331373934
64613866346161366465636462353939626434386465343962653337613031653264343032303466
39346531356434663838323831396534653066353166353633653537393230613161326132623330
38393166353866636634323938623562313032346662343835383931616339636634336533626566
65396633353730353738643132396165376562366164613635636564313434666337643435356561
64646533396638353663353335663530613133636466313836313763643437373636396535343565
37306366363765323738343336396163666236376166353130346161313862646336343963353966
36376538343230623630626136366363346631663663383761383239393462303535356139623064
61663439326631356231613566313238613735646135373863303431623338323665626362303734
33336566363132326664366438653163303039386639343463356630333339343930353933336433
36666364343264613831393234376534326565373937316336666661396434303863623063646435
30383962363330353838616132666165653531666165303765386136636637613430393638396238
62633634346134396135383638363132366166363165376165393931346234363539376239653763
62386564303961383737656635386538323534623430653165373636316132613537666636396430
64353736633539326639623430363561663865323430386565653265633066643432336266313935
65643765613339333539316565393430636261633863646231393836353438643961353836386132
37376163616133396364343330646363343338393934626134353138353132646532633061623162
38353462643230623164396566326339623637396137616134336666326263323633326262383331
32623533306536386133636639336163336137393766373166393436356134666534663463646632
66316635316631643566396237353437373361643139336137646231633433666162393532613032
3166
